latitude: 21.308938
longitude: -157.889804
linear_speed: 0.55
angular_speed: 0.001